603569
603877
603025
603650
002946
600917
603486
000761
600126
600280
600985
601068
603225
603355
603868
002416
002699
002941
600393
601777
601811
601969
000025
000587
000987
600053
600335
600939
601003
601869
000552
002344
002437
002509
002818
600350
600428
600874
600903
600996
002251
002482
002517
002936
002948
300459
600058
600098
600179
600338
600639
600657
600707
600971
601001
601615
601801
603328
000061
000537
000541
000766
000829
002118
002375
002503
002681
002707
300199
300266
600006
600329
600694
600750
600757
600978
601127
601139
601311
603056
603515
603556
603568
603766
000501
000536
000600
000937
000990
002382
002431
002434
002489
002512
002672
002920
300159
300257
600169
600458
600545
600623
600770
600787
601016
603888
000426
000869
000980
002358
002366
002544
002573
300055
300297
300376
600416
600478
600565
600611
600869
601019
601326
603806
000062
000564
000717
000848
002093
002128
002249
002254
002285
002709
002745
002807
002815
300287
600259
600291
600317
600499
600640
600759
600908
600993
601200
601689
603712
000006
000400
000543
000926
002051
002176
002280
002470
002505
002635
002839
600017
600125
600151
600575
600582
600748
600751
600835
600862
600901
601611
603198
603377
000012
000078
000156
000158
000959
300197
300324
600073
600141
600267
600277
600307
600312
600645
600664
600754
600765
600859
601678
000519
000712
000718
000727
002030
002056
002302
002332
